322 20
1 -0.18589 -0.12700 -0.01533 -0.11909 0.02109 0.01195 0.03950 -0.08327 0.16559 -0.04542 0.04902 0.00549 -0.04095 0.18897 -0.08549 0.03609 0.08860 0.11902 0.03760 -0.08508
2 -0.15230 -0.05049 -0.16239 -0.11967 -0.00894 0.10934 0.19983 0.16124 0.15347 -0.18385 -0.10798 -0.14194 -0.07466 0.00257 0.01929 -0.04050 0.01973 0.10483 -0.13367 -0.17842
3 -0.04820 -0.00157 0.14321 0.15277 -0.15495 0.02565 -0.10664 -0.09439 0.00225 -0.09727 0.11161 0.07066 0.19027 -0.03421 -0.18620 0.02869 -0.13483 -0.00690 0.09064 0.00778
4 -0.19720 0.00178 -0.04193 0.07359 -0.03647 -0.17912 0.01572 0.15831 -0.06974 -0.02395 0.19175 0.10515 -0.09828 -0.11056 -0.13390 -0.17248 0.15805 0.11193 0.05177 0.13917
5 -0.12549 -0.06582 0.02295 0.09234 0.13510 0.11196 -0.19347 -0.10636 -0.16696 -0.18901 -0.08696 -0.19955 -0.04042 -0.12313 0.11289 -0.12611 0.09679 -0.15059 -0.11017 -0.16958
6 -0.08139 -0.00806 -0.02387 -0.00835 -0.01906 -0.13456 -0.07635 -0.10167 -0.06290 -0.07044 0.19460 0.01992 -0.13932 -0.10022 0.04248 -0.15038 -0.07328 -0.15123 0.19301 0.03381
7 -0.09275 0.15305 -0.00238 0.17307 0.08269 -0.19664 -0.08993 -0.02538 0.14056 -0.18611 0.06190 0.04362 -0.03172 -0.04370 -0.17528 -0.19391 -0.00427 -0.08189 -0.05751 -0.06727
8 -0.17758 -0.19782 0.07253 -0.05750 0.10184 -0.08297 -0.08638 0.07764 0.15126 0.02665 -0.15260 0.18113 0.17850 0.00700 -0.18839 -0.18664 -0.10544 0.13533 0.02670 0.15745
9 -0.11947 0.14707 0.08671 -0.01288 0.14460 -0.17923 -0.11969 -0.13478 0.15168 0.14308 -0.04729 -0.12853 0.05060 -0.10912 0.17119 0.01165 0.19579 -0.07359 -0.01999 0.09216
10 -0.03616 0.06544 0.13568 -0.18185 -0.06584 0.19755 -0.08351 -0.17488 -0.16979 0.01109 0.01504 0.08233 -0.05010 -0.07232 0.18974 -0.10395 -0.16871 0.08424 0.03708 -0.06713
11 -0.16120 -0.04680 -0.06398 -0.16719 0.13491 -0.16657 -0.18373 -0.15281 0.16774 0.06657 -0.18428 0.15506 -0.08171 0.19029 -0.10833 -0.03542 0.09709 -0.03028 0.02970 0.12980
12 -0.12581 0.05291 0.10988 -0.06609 -0.13145 -0.14134 -0.16010 -0.10684 0.11973 -0.04038 -0.03169 -0.15744 -0.08502 0.11083 0.16877 -0.16017 0.07885 -0.18575 0.08493 0.04326
13 -0.15746 -0.06367 0.16468 -0.12447 -0.19264 0.07779 -0.11560 0.18259 -0.09993 -0.04040 0.16279 -0.08209 -0.10178 -0.02778 0.06278 0.18755 -0.15091 0.15662 0.02176 0.10834
14 0.06168 -0.14397 0.18292 -0.16401 0.15219 0.00490 0.18712 -0.14834 0.02734 0.01036 -0.04969 -0.10003 0.11790 0.02858 -0.01471 0.06361 0.08710 -0.01347 0.12998 0.00459
15 0.19804 0.02621 -0.04589 -0.18509 0.01117 -0.15674 0.05303 -0.03322 -0.11651 -0.05550 -0.14970 -0.06168 -0.01808 -0.08256 0.12269 -0.10152 0.02568 -0.09607 -0.03993 0.08120
16 -0.14405 -0.11861 -0.17243 -0.14133 -0.15409 -0.13227 -0.03049 -0.09281 0.07194 0.11504 -0.13179 0.02965 0.14854 0.17812 0.07321 0.17764 -0.12090 0.07004 -0.04001 -0.12521
17 0.19286 0.18896 -0.09484 0.16450 0.08439 -0.17279 -0.11808 -0.05277 -0.01054 0.04627 0.13519 -0.15984 -0.14503 0.10182 0.04163 0.10645 -0.13610 -0.04673 -0.14053 -0.19870
18 0.08943 -0.18817 0.08431 0.01552 0.14818 -0.17893 -0.05858 -0.06813 -0.04605 0.19659 -0.05800 0.04183 0.04708 0.00236 0.07221 -0.15408 0.03840 -0.12035 -0.00405 -0.02532
19 0.19438 0.08338 0.18653 0.16631 0.08815 0.16197 0.05621 -0.13162 -0.12336 -0.01947 0.10068 0.05448 -0.05130 0.09212 -0.03382 0.16858 -0.19727 0.02399 -0.00532 0.01739
20 0.04405 0.11273 -0.07225 -0.06161 0.10191 0.01488 0.07215 0.15617 -0.07568 -0.18890 -0.00497 0.16244 0.09000 0.15020 -0.14357 0.01785 -0.02799 0.00615 -0.03890 0.16192
21 0.17750 -0.08123 -0.03844 -0.18274 -0.02276 0.04167 0.13648 -0.03906 -0.10265 0.06404 -0.14502 0.15012 0.01760 0.19540 -0.15684 -0.18855 0.03324 -0.02973 -0.02122 0.02658
22 -0.10361 0.04087 -0.00445 -0.03351 0.11524 -0.04661 0.10149 -0.00608 0.10461 0.03266 0.01510 0.11511 -0.05917 -0.06757 0.10534 0.12304 0.02884 -0.01110 -0.02647 0.00577
23 -0.17983 0.11515 0.13806 0.10968 -0.13722 0.17783 -0.13936 0.14938 -0.08161 -0.06342 0.15853 -0.03603 -0.07375 -0.19850 -0.15715 -0.02680 0.10314 0.12587 -0.07605 0.05363
24 0.14693 0.12493 -0.10515 -0.13211 -0.11865 0.09271 0.00290 -0.16946 0.17624 0.19665 -0.16799 -0.14500 0.16862 -0.08592 0.12677 0.03633 0.12228 -0.05273 -0.07284 0.01872
25 0.06267 -0.11110 -0.09326 -0.08371 0.02105 -0.07538 -0.09948 -0.13939 0.02945 0.08106 -0.13494 -0.07145 0.08439 0.14282 0.17539 -0.09269 -0.00573 -0.11510 0.00567 0.19588
26 0.15267 0.17405 0.08807 0.12955 -0.10731 0.11992 -0.06739 -0.04829 -0.17598 -0.06925 -0.18191 0.07557 -0.02533 -0.10964 -0.05879 0.17335 -0.07714 -0.11937 0.00884 0.15966
27 -0.04258 0.07222 -0.13309 -0.19187 0.12936 0.00085 -0.16774 -0.05236 -0.12822 -0.19983 0.06337 0.04531 -0.09373 -0.05788 0.17157 0.08927 0.00145 0.08666 -0.01287 -0.12361
28 -0.05061 -0.01217 -0.12911 0.14811 0.06500 -0.07703 -0.02914 -0.00964 0.12450 0.08101 0.03398 -0.12704 -0.09981 0.01946 0.05770 -0.05863 0.02636 -0.19851 0.05343 0.04519
29 -0.12188 0.06515 0.05992 -0.03144 -0.19369 -0.10385 -0.19836 -0.06105 0.04960 -0.16095 -0.08971 -0.09655 0.07790 -0.05643 0.13629 -0.00039 0.13966 -0.19876 -0.11471 -0.12484
30 0.10517 -0.16899 -0.17414 -0.07242 0.13622 0.18723 -0.18437 0.04969 0.03196 -0.09911 -0.06800 0.14083 -0.06874 0.01629 0.02041 -0.09043 0.17031 0.08548 -0.15184 0.18193
31 0.16093 0.12278 -0.08544 -0.02994 0.08622 -0.18241 0.07610 0.03002 -0.17722 -0.04317 -0.10508 -0.13069 -0.12088 -0.06700 0.13367 0.07016 0.12278 0.08729 0.14349 -0.05406
32 -0.07785 0.05828 0.03282 0.00201 -0.13045 -0.09446 0.07947 -0.16151 -0.01228 0.04625 0.14747 0.00660 0.18919 0.01290 0.05808 0.00160 -0.06413 -0.11638 0.04923 -0.04002
33 -0.14240 -0.07759 0.19618 0.04386 -0.11810 0.03633 -0.14618 0.07286 0.15486 -0.05575 0.16117 -0.11826 0.11713 -0.02396 -0.11626 0.15135 -0.02178 -0.08256 0.02200 -0.12014
34 -0.05625 -0.06800 -0.08068 -0.18898 -0.11757 0.08137 -0.19645 0.06090 0.16810 -0.08409 0.13747 0.03869 0.07615 0.01116 0.00851 0.19683 -0.03008 -0.00230 0.19062 -0.19792
35 -0.05045 0.07873 -0.01560 -0.05295 0.08995 -0.07981 -0.13346 -0.00787 -0.08635 -0.07937 -0.12190 0.09930 0.01607 0.19484 -0.18841 0.12759 0.07726 -0.07814 -0.08549 -0.18642
36 0.04690 -0.02550 -0.17783 0.03619 -0.03759 0.09057 -0.00425 -0.13087 -0.09404 -0.08378 -0.06500 -0.11301 -0.07669 0.07133 0.01062 -0.07523 0.03837 0.00070 -0.17710 -0.10716
37 -0.03968 -0.09272 0.06459 -0.08784 -0.07238 -0.10681 -0.12129 0.07737 0.08998 -0.08843 -0.07578 -0.16835 -0.06787 -0.07502 -0.11329 0.15228 -0.07484 0.03325 0.08974 -0.00780
38 0.19941 0.00717 -0.09371 0.06937 -0.19269 0.06132 -0.09674 0.09394 -0.09019 0.01440 -0.08806 0.11729 -0.00840 0.09305 0.06733 0.00851 0.16421 -0.06758 0.12323 0.01742
39 -0.11594 -0.10975 -0.10285 -0.04335 -0.08437 -0.05693 0.09249 -0.14685 0.17284 -0.05743 0.06345 -0.08526 -0.03246 0.04037 0.12331 -0.07938 0.09141 0.12158 0.06986 0.18619
40 -0.04018 -0.03207 -0.15209 -0.02796 -0.12274 -0.19843 0.14367 -0.19825 -0.16363 0.06238 0.02937 0.08915 0.13915 -0.11937 0.17284 -0.02116 0.02791 0.16553 0.14871 -0.09939
41 0.17569 -0.07041 0.03179 -0.00575 -0.09223 0.02461 0.07812 0.16733 -0.08068 0.12321 -0.03981 -0.01162 -0.01291 0.13379 -0.14758 0.14767 -0.00055 -0.17100 -0.02738 -0.17782
42 0.05470 0.05363 -0.01219 0.13497 -0.05961 0.09229 0.14080 -0.14851 0.00575 -0.16098 -0.09371 0.12228 -0.05801 0.05913 -0.15183 -0.10672 0.11953 -0.12403 -0.15058 0.18417
43 -0.17662 -0.06097 0.16504 0.19165 -0.12334 0.10551 -0.08994 0.00301 -0.10521 0.04314 -0.06447 -0.05733 0.11563 -0.15555 0.01921 -0.05405 0.14935 -0.18420 -0.12131 -0.17849
44 -0.13570 0.10346 0.09899 -0.01290 0.05516 -0.01657 -0.19669 -0.08909 -0.19205 0.02165 0.09926 0.10316 -0.12790 0.14541 0.00543 0.00162 0.04458 -0.04375 -0.07058 0.12182
45 -0.16371 -0.08103 -0.13476 0.07861 0.19835 -0.17273 0.19519 -0.02988 0.07253 0.14204 -0.16935 -0.04561 0.18877 -0.13607 -0.12757 0.08149 0.01449 -0.10879 0.15594 0.08841
46 0.07949 0.07092 0.13979 0.15100 0.15623 -0.06349 -0.11626 0.06180 -0.07051 0.10213 -0.19514 -0.05658 -0.01550 -0.08395 -0.13015 -0.16806 -0.18561 0.08915 0.11115 -0.03721
47 -0.01715 0.13952 -0.03666 -0.09289 -0.14924 0.00678 -0.14985 -0.12366 -0.00024 -0.15175 0.18556 -0.08477 0.09666 -0.11787 0.19564 -0.18273 -0.04816 0.14850 0.18724 -0.15101
48 -0.16522 0.04167 0.10407 -0.19659 -0.05841 0.00348 0.17065 -0.08616 -0.04433 -0.02129 -0.17201 0.01222 -0.09553 0.11271 0.08443 -0.12632 0.02776 -0.03138 0.03074 -0.16518
49 -0.05602 -0.13501 -0.09400 0.18387 -0.10497 -0.04645 -0.09286 -0.17225 0.18429 0.04192 -0.03796 0.11974 0.14132 -0.15605 -0.07855 0.02618 0.07178 0.06524 -0.12953 -0.10706
50 0.02413 0.14418 -0.05632 0.04769 0.02721 0.16843 -0.05319 0.18411 0.12976 -0.12722 -0.03709 0.03111 0.10492 -0.16519 -0.09258 -0.18184 -0.02669 0.15188 -0.13846 0.11947
51 -0.04781 -0.14295 0.09289 0.06034 -0.14654 -0.01573 0.11307 0.18841 0.17262 -0.01499 0.19129 0.05521 0.00904 -0.06105 0.13325 0.13689 -0.05156 0.05873 -0.10479 -0.09430
52 -0.08086 0.08468 -0.14210 -0.15632 0.05806 0.00764 0.10959 0.02491 -0.03637 0.15742 0.19169 0.02205 -0.00960 0.09291 0.15290 0.05669 0.18836 -0.14995 -0.02760 0.08926
53 0.13858 -0.13378 -0.10757 -0.13366 0.09511 -0.16975 -0.08063 0.09217 0.11906 0.00137 -0.16393 -0.12677 -0.19854 -0.14525 -0.00953 0.05645 0.14393 -0.17440 0.04261 -0.15823
54 -0.17997 0.08647 0.18366 -0.08152 0.09988 0.14359 0.14005 -0.00989 0.03869 -0.15980 -0.00678 -0.18679 0.13897 0.17619 0.08430 0.00641 -0.11343 0.10096 0.17971 -0.02688
55 -0.11100 0.03353 0.07914 0.03803 0.07381 0.07566 0.04922 -0.01894 0.03503 -0.18443 -0.03475 0.10540 -0.07208 -0.02574 0.07400 -0.05732 -0.06284 -0.17384 0.18423 0.13300
56 -0.08521 0.19007 -0.19782 -0.18073 0.14155 -0.00246 0.15392 0.11432 0.16084 -0.05308 -0.18504 0.10137 -0.17141 0.12069 -0.08633 0.09602 -0.01742 0.04062 -0.02199 -0.14212
57 -0.13996 -0.03944 0.13511 0.18113 -0.17312 -0.11434 0.16850 0.10141 -0.08724 0.18984 -0.10266 0.04362 0.10720 -0.17842 -0.06260 -0.17908 0.17621 -0.18299 -0.00084 -0.13195
58 0.04232 0.07602 -0.15061 -0.03336 -0.03009 0.19926 -0.18989 0.17754 -0.09495 -0.10428 0.13426 -0.15685 -0.13275 -0.05341 0.11758 0.03110 0.00191 -0.08812 -0.05390 0.03188
59 -0.13530 -0.19788 -0.03266 -0.10398 0.03603 0.10274 0.19720 -0.06490 0.08449 -0.07226 -0.01446 -0.05142 0.12719 0.01692 0.17266 -0.11496 0.16588 0.12449 0.09416 -0.16507
60 0.17959 0.15272 0.09033 0.17191 -0.02780 0.13159 -0.07556 0.06448 -0.06387 0.19572 0.01326 0.11484 -0.15899 0.17773 0.04297 0.11269 0.04118 -0.11682 -0.06062 -0.14919
61 -0.13409 0.16331 -0.03156 0.15316 0.17371 -0.08131 0.06142 -0.04663 0.12400 0.13720 0.08077 0.12417 0.19103 0.01712 0.14864 0.11755 0.08386 0.10448 -0.14824 0.05525
62 0.11415 -0.04534 -0.18666 0.17857 0.03394 -0.07046 0.18778 0.15386 0.15685 0.14614 0.19773 0.02255 0.18493 -0.13889 0.03353 -0.08760 0.16018 0.11314 -0.10007 0.03363
63 -0.14530 -0.08166 0.16148 0.14768 0.03740 -0.14868 0.16403 0.16757 -0.19671 0.17693 -0.01439 -0.19440 0.10919 0.07062 -0.07317 -0.02803 -0.17765 -0.09899 -0.01911 -0.12952
64 0.14827 -0.03916 -0.08437 0.07973 -0.11041 -0.19808 0.17037 -0.18124 0.08728 -0.03166 -0.08953 -0.17549 -0.10487 0.11475 0.13910 0.07625 0.15344 -0.19704 -0.10579 -0.18626
65 -0.04646 0.18275 -0.11586 -0.17452 0.04525 0.18240 0.14564 -0.02967 -0.17397 0.00303 0.17730 -0.14034 -0.13063 -0.02633 -0.07651 -0.12336 -0.05043 -0.14365 -0.19727 -0.18743
66 0.19421 -0.03184 -0.11393 0.07916 0.15356 -0.14541 -0.08156 -0.01781 0.14714 0.08254 0.05347 -0.18636 0.12718 0.01375 0.13987 0.04256 0.00363 0.00056 -0.12053 0.11173
67 -0.09947 -0.18348 -0.01021 -0.10002 -0.04101 0.05609 0.00348 -0.04185 0.06321 -0.07706 -0.18527 -0.07030 0.15971 0.04956 -0.12937 -0.19396 -0.19818 0.15357 0.13011 -0.12880
68 -0.14139 -0.03218 0.19345 -0.04722 -0.01775 -0.19908 -0.01041 -0.06036 -0.07196 -0.13957 -0.13588 0.01894 0.10015 -0.14705 0.10612 -0.19612 -0.18108 0.07704 0.12584 -0.12748
69 0.19984 -0.16752 -0.12581 0.09013 -0.04911 0.01988 -0.08733 0.05432 -0.03375 -0.19740 -0.02705 -0.05237 -0.16993 -0.03649 0.18563 0.05435 -0.11078 0.00264 0.15748 0.19756
70 -0.11795 0.13157 -0.02025 0.14328 -0.01081 -0.05439 0.05225 0.00605 0.15677 -0.06981 -0.06996 0.09031 0.11714 0.07765 0.01759 0.19880 -0.17802 0.01627 0.00645 -0.09402
71 0.18036 -0.08342 0.10937 -0.04875 0.09392 -0.02784 -0.03595 -0.17085 -0.11031 0.06242 0.06451 0.17782 0.02696 -0.05870 0.16518 -0.04083 -0.06518 0.10195 -0.05226 -0.11811
72 -0.13943 -0.14095 0.05122 -0.16777 -0.01805 0.18822 -0.14515 0.15640 -0.03194 -0.02498 -0.14336 -0.10914 0.05982 0.11923 0.19459 0.00149 0.06932 0.11322 0.10979 -0.18717
73 -0.19780 0.08265 -0.03697 -0.09729 -0.07662 -0.18632 -0.16938 0.18117 0.15177 -0.18280 0.08927 0.11084 -0.08127 0.08393 -0.15190 0.15806 0.04082 -0.11407 -0.18996 -0.01015
74 0.14914 -0.11125 0.04604 -0.13086 0.19968 -0.12863 -0.03896 -0.16168 -0.16040 -0.17270 -0.15192 -0.04266 -0.13219 -0.14449 -0.03421 -0.06290 0.15617 -0.07179 -0.04716 -0.17545
75 0.10138 0.15682 -0.19675 -0.03126 0.08340 0.10115 0.19494 -0.19780 -0.06576 0.00250 -0.01423 0.08975 -0.05291 -0.19546 -0.10403 -0.02069 -0.01614 0.17403 0.04384 0.19651
76 -0.04691 0.01487 -0.16827 0.06861 -0.19157 0.00554 -0.18407 -0.05011 0.07490 -0.01612 -0.02451 -0.13710 -0.16015 0.01893 0.02970 0.15776 -0.07558 0.01751 0.06883 -0.03747
77 0.17685 0.13846 0.05561 0.10404 0.10416 0.10246 0.09234 -0.16945 0.10692 0.04504 -0.13754 -0.15568 -0.18837 0.12824 0.06803 0.05864 0.10129 -0.18961 -0.15399 -0.12343
78 -0.06768 0.16857 -0.01331 0.15767 -0.10697 -0.07258 -0.06305 0.00980 -0.14956 -0.03255 0.10422 0.06642 -0.18580 -0.00646 -0.03410 -0.16609 -0.13760 0.06931 -0.14309 -0.13130
79 0.18252 -0.01009 -0.18774 -0.11834 -0.10392 -0.02781 0.04197 -0.11018 -0.10911 0.02362 0.17279 0.13908 -0.03865 0.18739 -0.18981 0.09027 -0.11521 -0.18031 0.01821 -0.18390
80 -0.02326 0.05237 0.06627 -0.18601 0.00015 -0.10026 0.02525 -0.08290 -0.08156 0.06307 0.19026 -0.06632 -0.01729 0.10681 -0.07124 0.06031 -0.10067 -0.05946 -0.01616 -0.17776
81 -0.17582 0.12575 0.02691 -0.06650 -0.01278 0.16540 -0.08764 -0.05001 0.04502 -0.11614 0.19265 0.01404 -0.10563 -0.06154 -0.11396 0.09656 -0.14475 0.14049 -0.12485 0.04906
82 -0.04743 -0.17618 0.07318 -0.03932 -0.02277 0.10343 0.03363 -0.17407 0.01258 -0.01335 -0.07675 -0.11764 -0.17958 0.13338 0.02576 -0.02251 0.11184 0.10189 0.15126 -0.15724
83 -0.05848 -0.14534 -0.12732 0.01004 -0.16914 0.05178 -0.11081 0.04614 -0.07496 -0.13879 0.08300 -0.17997 -0.03098 0.03635 0.05537 -0.07361 -0.18065 0.00594 0.13327 -0.02328
84 0.12900 -0.00493 -0.15490 -0.12642 -0.15894 -0.15719 -0.01881 0.19590 0.15945 -0.01101 0.07276 -0.13243 -0.19590 -0.14572 0.16283 -0.18941 0.19934 0.02892 0.05080 0.14072
85 -0.01015 0.00303 0.08695 0.16621 0.18544 -0.09322 -0.18299 -0.05186 0.07517 0.12100 -0.17890 0.16315 0.13455 0.19314 0.03174 -0.13405 0.09113 -0.07607 0.17786 -0.15196
86 -0.14447 -0.12287 0.10217 0.07284 0.09722 -0.08420 -0.09470 -0.03707 0.03995 -0.09028 -0.18760 -0.06772 0.12903 -0.09938 0.03820 0.09296 -0.16100 0.07827 -0.19410 0.06432
87 -0.11020 -0.16638 0.05436 -0.02458 0.08467 -0.15539 0.06392 0.04945 0.12148 -0.12310 -0.01318 0.04538 0.17602 -0.08145 0.04243 -0.13507 -0.12638 0.07890 -0.19760 0.13523
88 -0.16179 -0.04010 0.08848 -0.13654 0.17098 -0.08668 -0.19588 0.15353 -0.00996 -0.03805 -0.01513 -0.04197 0.06519 0.09142 0.03720 -0.03207 0.00437 -0.02215 0.07082 0.02522
89 -0.05542 -0.10472 0.02927 0.04239 -0.14735 -0.16618 -0.06666 -0.19633 -0.08462 0.10931 -0.14612 0.07803 -0.14299 0.02106 0.02433 0.14344 0.06724 0.03818 -0.15794 -0.17168
90 -0.03345 -0.00368 -0.10332 -0.17674 0.10919 0.01720 -0.18573 0.07839 -0.11648 0.04035 -0.16418 -0.07920 0.08092 0.14695 0.10319 -0.08629 0.12432 -0.18005 0.18484 -0.11569
91 -0.01894 0.09748 -0.14789 0.12888 -0.13967 -0.09704 -0.09097 -0.19270 0.04014 0.04180 -0.10794 -0.08857 0.07384 -0.12320 0.11077 -0.11571 0.18688 -0.06208 -0.00723 0.06016
92 0.16504 0.19855 -0.01440 -0.09865 -0.00501 0.14637 -0.08609 0.02864 0.09650 0.11988 0.01486 -0.16864 -0.11618 0.12195 -0.07184 0.04655 0.04511 0.09144 -0.18975 -0.05595
93 0.18270 -0.16932 0.10219 0.07846 -0.10160 -0.15932 -0.13152 -0.07304 0.09427 -0.16884 -0.12996 -0.13163 0.14481 -0.07288 -0.07713 0.01044 0.19349 0.19734 0.10292 0.11821
94 0.16296 0.19956 -0.04865 0.05314 -0.05874 -0.12293 -0.12218 0.10666 0.12357 -0.13941 0.10759 -0.06399 0.16407 -0.08874 -0.18791 -0.00395 0.09554 -0.13337 -0.08609 -0.01844
95 -0.07476 0.06671 0.05228 -0.10366 -0.07169 0.04803 0.13654 0.04982 -0.14991 -0.12346 -0.05727 0.19275 -0.05588 -0.19825 0.12984 -0.07552 -0.04545 -0.01750 0.12691 -0.06616
96 -0.17842 0.19912 0.01266 -0.10249 -0.13954 -0.11917 0.02660 -0.14556 0.13109 0.01038 -0.08877 0.13185 -0.09048 0.14132 -0.09327 0.13919 -0.05130 0.08235 0.13716 -0.12850
97 0.14538 0.10523 0.05828 -0.04788 -0.05074 0.10517 -0.04164 0.15206 -0.17857 0.06598 0.14244 -0.09724 -0.14672 -0.11504 -0.09924 0.04431 0.16865 -0.16247 -0.11037 -0.05094
98 0.00185 0.14560 0.00510 -0.02502 -0.01745 0.09356 -0.06443 0.04383 -0.11707 0.03503 -0.07211 -0.16035 -0.08548 -0.15134 0.08907 -0.05268 -0.00291 -0.17322 -0.15245 0.05025
99 0.16527 0.10721 0.15885 -0.12670 -0.12261 0.07060 0.09337 -0.02940 0.02251 0.10752 0.06463 -0.11664 0.08578 -0.12687 0.08341 0.07175 -0.14240 -0.01258 -0.16417 -0.10966
100 -0.17817 -0.18226 -0.06190 -0.01008 0.16290 -0.02073 -0.17032 0.13029 -0.00392 0.05991 0.08958 0.05749 0.02758 -0.01617 0.18044 0.10985 -0.12956 -0.06117 0.15649 -0.17931
101 0.05571 -0.18584 -0.01039 0.16265 0.06822 -0.08780 -0.09037 -0.04319 -0.09285 0.19526 0.08568 0.19455 0.06030 -0.15518 0.13628 0.04147 -0.14890 0.05275 -0.10963 -0.11768
102 0.14396 0.16097 -0.04439 -0.03874 0.17653 -0.04293 -0.08385 -0.11210 -0.01362 0.02198 0.11552 -0.15419 0.06387 -0.11435 -0.19321 -0.16540 0.05779 0.12029 0.03517 0.16543
103 -0.16058 -0.19876 -0.02951 0.07776 -0.01445 0.16014 -0.02141 -0.11152 -0.14578 0.01998 0.01214 -0.17546 0.16005 -0.13900 0.11117 -0.02402 -0.12226 -0.04411 -0.03373 -0.13704
104 0.07017 0.06196 0.01566 0.18942 -0.11751 -0.19516 -0.10789 -0.14216 0.14196 -0.01518 -0.09466 0.17882 -0.14571 -0.09493 0.07564 0.19666 0.11406 -0.03467 0.11810 0.12468
105 -0.05669 -0.12273 0.14708 0.11260 0.06118 -0.13236 0.08211 -0.09055 0.17216 0.15496 0.06597 0.00486 0.08280 -0.17798 -0.16882 -0.07693 -0.12294 -0.01286 -0.15885 -0.06283
106 0.16150 -0.07361 0.17382 -0.11955 0.06814 -0.08491 -0.08564 0.00854 0.00788 -0.11892 0.11997 -0.18356 0.08282 -0.08610 0.10568 0.01173 0.03511 0.13974 0.15853 0.09443
107 0.17836 -0.16585 0.06380 0.10427 0.08696 -0.03817 0.13610 -0.16290 -0.12449 -0.15550 0.09968 -0.00726 0.00477 0.19322 -0.10020 0.01303 -0.00985 0.03623 0.10071 -0.03684
108 -0.14958 -0.03645 0.07534 -0.11736 -0.14284 0.12628 0.10775 0.09165 0.16563 0.14885 -0.05076 0.19477 -0.12398 0.14505 -0.09675 -0.07560 0.16057 -0.03564 0.19983 -0.14323
109 -0.05988 0.08775 -0.11571 0.03141 0.05651 -0.06313 -0.09621 0.04735 -0.05500 0.17003 -0.02872 -0.08465 -0.15860 0.12315 0.19053 0.14850 -0.07988 0.05822 -0.19380 -0.15588
110 0.16177 0.07664 -0.12046 0.05082 -0.16450 -0.02442 -0.04512 0.06599 -0.04841 0.16811 -0.13304 -0.05760 0.12675 0.19626 0.19402 0.18734 0.10594 0.12180 -0.10711 0.14205
111 -0.06663 0.09665 -0.06997 0.03228 0.00474 0.17811 -0.07475 0.00274 -0.16029 0.13644 -0.00254 -0.10116 0.19257 0.00493 0.04385 -0.00486 -0.07211 -0.07121 0.11452 0.19323
112 -0.17920 0.12102 -0.06445 0.11637 -0.06616 0.00786 0.02988 -0.15987 0.07625 0.04569 0.09859 -0.18143 -0.14164 -0.11009 0.12266 -0.03516 0.03171 -0.11321 0.00650 -0.08384
113 -0.09614 0.14464 0.09400 -0.16195 0.03738 0.12745 -0.04749 0.03786 0.19121 0.19007 0.01630 -0.18060 0.04771 0.10099 -0.11579 0.14860 -0.14405 0.19396 0.04515 0.17849
114 0.12578 -0.15087 -0.04334 0.09793 0.18852 0.15093 0.10168 -0.01461 0.03816 -0.09187 -0.03596 -0.06652 -0.18165 0.16259 0.06878 0.04798 0.12250 -0.11317 0.18459 -0.19424
115 0.07324 -0.00810 0.11602 0.12523 0.05775 -0.01878 -0.18364 0.18136 -0.05903 0.02780 0.17329 0.03849 -0.17625 0.09303 0.00188 0.09744 0.15323 -0.13832 -0.03105 0.09506
116 -0.00306 -0.01877 0.19078 -0.17984 -0.00196 0.10897 0.06102 -0.15250 -0.07862 0.16370 -0.05998 0.02733 -0.05721 0.05612 0.01205 -0.08876 0.17979 0.02069 -0.16850 -0.02856
117 0.12525 0.08126 0.07883 -0.10027 0.07904 0.07029 0.04322 0.05568 0.18692 -0.02498 -0.07841 0.13204 0.17403 0.19074 -0.12672 -0.12478 -0.06321 -0.09032 0.14756 0.10497
118 0.04779 -0.00742 0.16248 -0.00961 0.15641 -0.03207 0.11830 -0.04221 0.06821 -0.01817 -0.05210 0.06300 0.00059 0.14112 0.00010 -0.06562 0.15689 0.17785 0.08214 0.10057
119 0.04310 -0.10631 0.10693 0.08905 0.01846 -0.10763 -0.19176 -0.04395 0.05835 -0.04206 0.16050 0.07102 -0.14095 0.16328 -0.00219 -0.06713 -0.01691 0.01705 0.14805 0.06814
120 0.13298 0.14081 -0.02281 0.13460 0.06857 0.10702 0.05233 0.10907 -0.06205 -0.11592 0.10175 -0.15240 -0.02862 -0.16565 -0.08804 -0.05137 -0.09347 -0.07622 -0.05433 0.13707
121 -0.00591 0.07241 -0.05521 -0.10960 -0.03338 0.10752 0.06096 0.19623 -0.17186 -0.12930 0.03240 -0.10100 0.14866 -0.09578 0.17813 -0.03690 0.09762 -0.00492 -0.08255 -0.04164
122 0.01289 0.10764 0.01606 0.07214 -0.01376 -0.04773 -0.01648 0.08920 -0.11652 -0.09302 -0.12501 -0.15789 -0.00463 0.12650 0.17412 0.18536 -0.15221 0.14263 0.06519 -0.14654
123 -0.17480 -0.11998 0.12715 -0.13262 -0.13753 0.04371 -0.10831 -0.18143 0.01195 -0.12281 0.00536 0.16899 0.02776 0.00743 0.14084 -0.04302 -0.09620 0.03633 -0.09695 -0.16449
124 -0.07873 0.08198 -0.17146 0.16781 -0.04387 -0.19017 0.11349 -0.09779 -0.18769 0.10490 -0.02621 -0.18259 -0.06373 0.10569 0.04145 0.00124 0.17689 0.12941 -0.14829 0.08674
125 -0.11842 0.10908 -0.15138 0.04475 -0.18075 -0.11347 0.12475 0.18018 0.08721 0.01127 0.15052 -0.09049 -0.05080 0.00136 0.10606 0.11773 0.09477 -0.02627 -0.02727 -0.06436
126 -0.10394 -0.09747 0.12710 -0.11935 -0.02820 -0.06688 -0.09320 -0.07339 0.04292 -0.16859 0.07854 0.01302 0.05554 -0.11638 -0.07524 -0.08498 0.12434 -0.13971 0.14730 -0.12445
127 -0.10808 0.16225 0.07498 0.14492 0.15652 -0.17033 -0.19180 -0.12011 0.15803 -0.18899 0.06754 0.09489 0.06845 -0.17141 -0.09867 0.08275 0.00404 0.00689 -0.08122 0.03908
128 0.14203 -0.17804 -0.02041 0.00248 0.10416 -0.14650 0.02369 0.06966 -0.18805 -0.12342 0.11937 -0.02945 -0.17132 0.08685 -0.15336 0.03991 -0.11255 -0.19976 0.05688 0.09894
129 -0.08540 0.19016 0.15724 -0.12124 0.19554 -0.03496 0.01994 0.18333 -0.02765 -0.05347 0.19155 -0.16478 0.13171 0.11639 0.11413 0.13081 -0.06190 -0.18399 -0.19796 -0.00448
130 -0.06617 0.10127 0.12216 -0.01767 -0.07571 0.02207 -0.06523 -0.06393 0.01642 -0.17371 -0.13371 -0.00706 0.15239 0.05248 -0.04974 -0.07165 -0.09369 -0.06829 0.02809 0.18908
131 -0.19513 0.14777 -0.09844 0.15317 -0.07558 0.11769 -0.14044 -0.16656 0.01449 0.10240 -0.16400 -0.18506 -0.00977 -0.14668 0.09067 -0.06881 -0.08675 -0.17779 -0.15884 -0.14803
132 0.17982 0.14985 0.11677 0.19755 0.04428 0.17988 -0.13286 -0.11446 0.05713 -0.11727 -0.08571 -0.06391 -0.07731 -0.19833 0.04501 0.19205 0.01893 0.16611 -0.14329 0.16117
133 0.03247 0.02255 0.17319 0.14160 -0.19769 -0.13997 -0.11378 -0.10189 -0.14638 0.01699 0.10478 0.07295 -0.17150 -0.14502 0.03880 0.00463 -0.01269 0.17146 -0.18405 -0.18955
134 -0.01645 0.05295 0.14794 0.17062 0.16072 -0.06208 -0.01339 0.18990 0.17121 0.18729 0.04068 0.02993 0.03577 -0.09403 -0.09306 -0.07788 0.08278 0.11199 0.17777 0.12151
135 0.14013 0.08326 -0.07376 0.06297 0.11027 -0.05523 0.05528 0.02133 0.18872 0.10214 -0.12764 -0.12560 0.03219 0.03549 -0.09414 -0.13592 -0.11518 0.01568 -0.13661 -0.12247
136 -0.08255 0.11368 0.16671 0.02614 0.15843 0.19303 -0.11578 -0.04531 0.06029 -0.06408 0.18047 0.07189 0.04870 -0.01396 -0.18798 0.14447 -0.02535 0.08376 -0.06708 -0.10251
137 0.06139 -0.19336 0.12239 -0.13323 -0.05513 0.10689 -0.19428 -0.09692 0.14441 -0.10092 0.10463 -0.12143 0.11362 -0.18495 0.01397 0.18183 -0.04404 -0.03784 0.06463 0.00848
138 0.06475 0.10289 0.06329 0.17591 0.01783 -0.01117 -0.10129 0.08952 -0.17044 -0.16324 -0.00816 -0.18613 -0.18394 0.19607 0.15928 -0.15688 -0.15363 -0.13038 -0.07265 0.08768
139 0.02580 -0.15935 -0.10003 -0.04779 0.05503 -0.07479 0.06499 -0.16303 0.10953 -0.10394 0.08056 0.07173 0.09747 -0.15192 -0.09325 -0.03629 -0.13661 -0.10189 0.03721 -0.16340
140 -0.04353 -0.00069 0.01711 0.11133 -0.02510 0.14847 -0.07541 0.01225 -0.08595 -0.18766 -0.13673 -0.18777 0.17427 -0.05146 -0.14106 0.16977 0.06407 -0.00870 0.15217 -0.16025
141 -0.17715 0.10505 0.13042 -0.01020 0.12928 -0.14533 0.16933 0.06910 -0.18305 0.18882 -0.05451 0.06325 -0.18910 -0.15443 -0.16665 0.18892 0.10215 0.05242 0.11354 0.15315
142 0.01454 0.12191 0.12892 0.15141 -0.06373 -0.19360 0.16468 0.08276 -0.18877 0.13993 -0.00218 -0.07843 -0.15337 0.12435 0.00272 -0.00789 -0.11535 0.18439 0.12170 0.13843
143 0.01041 -0.17372 -0.14525 -0.17684 -0.02858 0.15262 -0.14976 -0.06591 -0.17947 -0.02049 0.15813 0.10032 -0.00604 -0.05893 -0.02516 -0.03058 -0.06697 0.00619 0.11832 -0.17631
144 0.01441 -0.14887 -0.14025 0.05457 -0.11961 0.02942 0.17742 -0.17852 0.18646 -0.13096 -0.09916 0.03072 -0.13102 0.01985 0.17555 0.00207 -0.09923 0.13972 -0.19840 0.11964
145 -0.07506 -0.02420 0.06462 0.04214 0.07872 -0.15838 0.12570 -0.15126 -0.14344 -0.12230 -0.17153 0.04182 0.01982 -0.00423 0.05539 0.08766 0.02128 0.11735 -0.03189 0.13518
146 0.15180 -0.05745 -0.16391 -0.09292 -0.01434 0.01968 0.15794 -0.09760 -0.00818 0.13439 -0.01287 -0.06820 -0.17651 0.04399 0.16801 0.12647 -0.14880 -0.06286 -0.01942 0.09192
147 -0.04193 0.08186 -0.06580 -0.15546 0.04797 -0.04518 0.03142 0.12814 0.19657 0.03239 -0.08705 0.01040 -0.11750 0.17699 -0.02665 0.08795 -0.08031 0.18772 -0.09950 0.16573
148 0.01010 0.15192 -0.04441 -0.18276 0.01037 0.09393 0.08036 0.17346 0.13333 0.11716 0.04712 -0.04967 0.07312 0.17918 0.15407 0.11926 0.05986 -0.03502 -0.19241 0.18153
149 -0.18317 -0.04836 0.13490 -0.08605 -0.15623 0.12671 0.01029 -0.16029 0.06442 0.07985 -0.05634 0.12815 -0.14615 0.10545 0.16618 0.03011 0.18172 -0.12345 0.03991 0.02526
150 0.07016 0.19062 -0.12414 0.10095 0.13940 -0.05431 0.05249 -0.11516 0.03602 0.14644 -0.02348 -0.11796 0.04109 -0.05206 0.00714 0.11639 0.00679 -0.17846 0.00993 0.17759
151 -0.19867 -0.06960 -0.07103 0.02061 0.17608 0.12178 -0.16445 0.19142 0.07152 -0.19397 -0.12771 -0.08274 0.07782 0.03538 -0.04556 0.14025 -0.02858 0.18978 -0.16840 0.16973
152 -0.19198 -0.12734 -0.12550 0.10805 0.14216 0.07852 -0.10113 -0.16041 -0.09209 0.09294 -0.14046 0.19809 -0.05789 0.00060 0.15479 0.02800 -0.00380 -0.18175 0.04610 -0.13164
153 -0.09374 0.19768 -0.14040 0.14683 0.01480 0.10792 0.13238 -0.16498 -0.02816 0.07391 0.00602 -0.03763 -0.11977 0.12201 0.01406 -0.11757 -0.01087 0.19829 -0.00123 -0.07955
154 0.14858 -0.01039 -0.06275 0.18577 0.04707 -0.03018 0.06627 -0.02613 -0.17730 0.07768 -0.17338 -0.18282 0.02076 -0.03425 0.07416 0.09690 0.08976 0.07597 -0.06619 -0.15752
155 0.11274 0.01877 -0.08572 0.08558 -0.02899 -0.10127 -0.18053 0.19339 0.09381 0.05090 -0.16769 -0.12804 0.16149 0.00794 0.06581 -0.19458 0.00174 -0.02002 -0.13402 -0.04251
156 -0.04901 -0.09778 0.04782 -0.10532 -0.04828 0.05666 0.00919 0.09604 -0.09284 0.17359 -0.19531 0.11412 0.05792 -0.07717 -0.00431 -0.07531 -0.14945 0.00934 0.00284 0.10433
157 0.19802 -0.19042 0.14253 0.13754 -0.09567 -0.00512 0.07110 -0.03571 0.08980 0.16958 0.07911 0.02694 0.14056 -0.14133 0.03189 0.15513 0.02647 0.16218 0.06147 0.12985
158 -0.16770 -0.05114 -0.16341 0.19105 -0.17250 -0.05045 -0.07891 0.03570 -0.13169 0.11495 -0.06636 0.19278 0.15915 -0.04858 -0.04013 -0.04410 0.15636 -0.03007 -0.09927 0.11402
159 0.08788 0.02044 -0.16743 -0.10163 0.04578 0.09275 -0.00044 -0.05951 -0.14977 -0.07058 -0.13047 -0.15023 -0.06587 0.16044 -0.04644 -0.11781 0.01408 0.09492 -0.08992 0.13324
160 -0.10667 0.02238 0.12133 0.04432 -0.14248 -0.01944 -0.12985 0.07586 -0.18894 0.14970 -0.15065 -0.18362 -0.07314 -0.11103 -0.16045 -0.03212 0.10637 0.08897 0.17027 -0.01252
161 0.16837 -0.17822 0.11394 -0.15000 -0.07807 0.17530 0.06029 -0.01585 0.10532 -0.19178 0.15833 0.02737 0.06617 0.14375 -0.05227 0.09164 0.05134 0.17276 0.17226 -0.01880
162 0.13911 -0.08241 -0.07987 0.06354 -0.00565 -0.18773 0.08064 0.11504 0.07305 0.17998 -0.10762 0.18534 0.07145 -0.00060 -0.18565 -0.08941 0.10865 0.01892 0.12367 -0.01773
163 0.04449 -0.16145 0.18361 -0.05116 0.07398 -0.11249 0.07085 0.02339 0.02717 0.02421 0.14884 -0.07633 -0.16431 0.04298 0.12934 0.00953 0.05411 -0.07769 0.19313 0.04391
164 -0.03371 0.01906 -0.04729 0.00040 0.17537 0.06327 -0.17540 -0.08329 -0.03306 -0.01547 0.05617 -0.10134 -0.14966 -0.15619 0.15249 0.01118 0.16521 0.12216 0.02494 -0.00866
165 0.06958 -0.03916 -0.10063 0.14082 0.06716 -0.04835 -0.02091 0.01255 -0.19842 -0.04953 -0.10858 0.08861 0.19647 0.14593 0.03318 0.14219 0.07652 -0.14212 0.12088 0.17497
166 0.04369 -0.15233 0.18772 -0.09895 -0.09564 0.00899 0.07357 0.03754 0.10113 0.05631 -0.05333 0.04574 0.09919 0.08468 0.05066 -0.10286 0.14968 -0.01339 0.03406 0.14251
167 0.15213 0.19844 0.08982 -0.07987 -0.01847 0.18876 0.05549 -0.02037 0.08194 0.14573 0.04124 0.03580 0.12974 0.07556 0.18397 -0.12365 -0.11069 0.11093 0.02726 -0.04991
168 0.18392 -0.03678 0.18539 0.10142 0.12887 0.19259 0.13854 0.12402 -0.12524 0.09726 -0.17135 0.01810 -0.03352 -0.01352 0.02859 -0.14015 0.11665 0.09800 -0.05434 -0.02483
169 0.04825 -0.15540 0.16040 0.06794 -0.01560 0.13148 0.11195 0.14842 0.15176 0.05327 0.16215 0.16469 -0.11133 -0.02766 -0.05129 -0.03806 0.19887 -0.15111 0.03831 0.01051
170 0.15894 -0.13625 0.15891 -0.13139 0.00931 -0.00104 -0.10702 0.14162 0.08975 0.01749 -0.15763 -0.18896 0.15231 -0.10289 0.09704 0.13218 -0.16182 -0.01138 -0.04072 0.08107
171 -0.13274 0.09744 -0.02444 0.04171 -0.05611 0.15114 0.12042 -0.19356 0.04622 0.14397 0.19296 -0.18377 0.04020 -0.18384 -0.18921 0.08977 0.05270 -0.01270 0.16331 -0.07295
172 0.02570 0.09839 0.00456 0.09573 -0.16345 -0.00509 -0.13978 0.06445 -0.16147 0.16420 -0.15037 -0.19091 -0.16849 0.11721 0.01133 -0.05472 0.02544 -0.16765 -0.13078 0.04137
173 -0.13507 0.18970 -0.08659 -0.01921 -0.06094 -0.02104 -0.12813 -0.07590 -0.00308 0.12120 0.06638 0.12831 0.09400 -0.00083 0.18666 0.04923 0.07091 0.19667 -0.00906 -0.19571
174 0.17078 0.00137 0.12303 -0.19449 -0.11238 0.17120 0.00121 -0.11369 0.17225 0.04306 -0.00114 0.02224 0.14042 0.02307 0.07996 0.18894 0.16697 -0.01042 0.06517 -0.07591
175 0.00167 -0.14483 -0.10954 0.08399 0.08419 0.12748 0.19832 0.03536 0.03291 -0.13543 -0.18498 -0.00319 -0.13912 0.10843 -0.07166 0.04363 -0.07271 -0.04393 0.04241 0.09593
176 -0.17573 -0.15795 0.01140 0.19021 -0.09199 -0.11747 -0.00202 0.13960 0.17713 -0.13516 -0.02455 0.13742 -0.02805 0.12173 -0.03373 -0.01632 -0.02844 -0.01213 -0.11801 0.08067
177 0.15988 -0.05704 -0.17750 0.18115 0.12626 0.08959 0.02030 -0.18848 0.18018 -0.12360 0.06003 -0.07445 0.15630 -0.09730 -0.01367 0.01375 -0.03581 0.03932 0.07594 0.15636
178 0.08183 -0.15149 0.19997 0.15163 0.08946 -0.17662 -0.15785 -0.11960 0.17603 0.12953 0.03744 -0.14128 0.04890 0.00646 -0.04068 -0.02525 -0.01193 -0.13714 0.02387 -0.12143
179 0.14394 0.04673 0.15412 -0.17747 -0.10356 0.01476 -0.11595 -0.16016 -0.16012 -0.16073 0.05895 0.13197 0.06426 0.19010 0.09124 0.12574 -0.08968 0.05807 0.00959 -0.09446
180 0.08187 -0.16380 -0.01474 -0.08299 -0.12764 0.10320 0.07851 0.14184 0.18081 -0.08243 -0.04271 -0.11631 0.17634 -0.18289 0.19504 -0.19456 0.16033 -0.17001 -0.19245 -0.14150
181 -0.00374 0.00694 0.09352 -0.14061 -0.09311 0.19702 0.07137 0.16664 0.16864 0.00244 -0.10023 -0.09981 0.03131 0.11327 -0.06404 0.18229 -0.07356 -0.15398 -0.03930 0.15674
182 -0.11552 0.05593 0.05002 0.03625 -0.00258 0.15404 0.03521 0.10240 -0.12757 0.13120 0.03632 0.06509 0.06803 0.18451 0.00388 0.10812 0.14814 -0.05071 0.07733 -0.15330
183 0.12980 -0.02509 0.06664 -0.12112 0.05357 -0.15806 -0.08460 0.06452 -0.05169 0.17431 -0.09377 0.02841 -0.01054 0.09595 -0.12620 -0.12846 -0.06199 -0.18898 -0.01980 0.00348
184 0.11053 -0.08011 0.06645 -0.12220 0.08959 0.18939 0.01267 0.05560 -0.03430 0.13697 -0.13454 0.11552 0.06335 -0.01909 -0.05258 -0.00356 0.14432 -0.15299 0.00240 -0.02682
185 -0.07370 0.08787 -0.14208 0.18239 -0.00599 -0.04893 -0.17756 0.09732 -0.06157 -0.00366 0.17306 0.12501 0.15151 -0.17603 -0.16825 -0.19684 0.01951 -0.13883 -0.08777 -0.19103
186 0.06522 -0.02028 0.12692 0.19392 -0.15882 -0.17303 0.14898 -0.02566 0.15268 -0.15816 -0.13508 -0.18809 -0.14469 0.10058 -0.01591 0.05249 -0.04796 -0.05561 0.14113 0.09168
187 0.16627 -0.18796 0.19666 0.10606 0.03979 0.15794 -0.12415 -0.17418 -0.14531 0.14684 0.06377 -0.14996 -0.00003 -0.10379 -0.06346 0.04473 0.08052 0.14474 0.06127 -0.07624
188 0.09498 -0.05366 -0.15884 0.19979 -0.15142 0.08710 -0.04449 -0.17429 -0.11650 0.06327 0.07707 -0.16221 0.12469 -0.09538 0.04278 0.11453 0.10992 0.19525 0.16944 -0.17645
189 -0.19176 0.12679 -0.12410 0.04450 -0.14500 0.12052 0.07598 -0.03064 -0.11249 0.17585 -0.02358 0.14740 -0.00746 0.01612 -0.10080 -0.19206 0.16334 0.00899 -0.11848 0.04800
190 0.13877 -0.09984 -0.17199 -0.08096 0.15517 -0.04341 -0.08183 -0.06200 -0.09079 -0.07154 0.18174 0.07077 0.12069 0.04709 0.10974 -0.03631 -0.07607 0.08113 0.17109 -0.11246
191 0.07399 -0.08725 0.10948 -0.15648 -0.05334 0.10766 0.00473 0.14298 -0.06525 -0.03423 0.16480 0.18643 -0.15629 -0.15362 -0.09964 0.09072 0.11845 0.07997 0.02361 0.03099
192 0.05742 -0.17927 0.14488 -0.02991 0.05663 -0.05343 0.17096 -0.18127 0.05517 0.19636 0.05347 0.15828 0.00377 0.09627 0.17431 -0.00784 -0.07374 -0.05202 -0.10687 0.07018
193 0.02889 0.03494 -0.09108 0.16120 0.01173 -0.13749 -0.18246 -0.11636 -0.00789 -0.13394 0.16864 0.13236 -0.01968 -0.17193 0.14613 0.06628 -0.04194 0.05285 0.11875 0.03409
194 -0.18256 0.05680 0.09937 0.05115 0.15211 -0.02877 0.14123 0.05162 0.01568 0.18638 0.05485 -0.11260 -0.02820 -0.01810 -0.19071 0.07423 0.19748 -0.10253 -0.13764 0.12995
195 -0.03295 0.00070 -0.04610 0.13669 0.00708 -0.10491 0.15800 0.01640 0.05326 0.10362 0.17008 -0.12925 0.13198 -0.05991 0.06658 -0.16121 0.02646 -0.06172 -0.01661 0.12738
196 -0.19977 0.05319 -0.17576 0.17632 -0.15168 -0.10228 0.13190 -0.03717 0.11387 -0.08740 -0.08377 -0.05912 0.12695 0.12675 0.08107 -0.06050 0.05892 -0.03770 -0.03674 -0.07952
197 0.05993 -0.08257 0.09361 -0.18341 0.13863 -0.09820 -0.08707 -0.11814 -0.06596 -0.05885 -0.06401 -0.06239 0.05466 0.14861 0.01711 0.02417 0.10942 -0.09058 0.04386 0.15489
198 0.03211 -0.14713 -0.11349 0.01293 0.02435 0.12250 0.13685 0.14465 0.09256 -0.06551 -0.15855 0.19125 -0.08685 -0.14623 0.15477 -0.11593 -0.19045 -0.16404 0.07981 -0.10135
199 0.15569 0.12344 -0.01186 -0.10010 -0.17296 0.09159 -0.09151 0.10913 0.18618 0.16423 -0.08131 -0.09520 0.10646 -0.08880 -0.07713 -0.19821 -0.01450 -0.19088 -0.09414 -0.05837
200 -0.03031 0.19087 -0.05925 -0.19163 -0.12645 0.05286 -0.09381 -0.13510 0.16195 0.18430 -0.17141 0.04746 0.19218 0.18566 -0.08166 -0.11157 -0.12655 0.03284 -0.18794 0.08593
201 0.09483 0.05785 0.04906 -0.04199 -0.01781 -0.09030 -0.14201 0.01781 -0.17658 -0.01668 -0.10738 0.13121 0.07593 0.09400 -0.06693 -0.05130 -0.14310 -0.10533 0.02268 -0.07677
202 -0.10241 -0.10119 -0.11638 -0.14747 -0.11777 0.02291 0.09925 -0.09034 -0.02224 -0.11008 -0.10548 -0.02413 -0.15040 -0.06994 -0.15696 0.00324 -0.00301 0.14372 0.00410 -0.01823
203 0.04821 0.04002 -0.16112 -0.13755 -0.05601 -0.07561 -0.01420 0.09769 -0.08634 0.16741 0.09672 0.18155 -0.04975 -0.06935 -0.08095 -0.11141 -0.18871 -0.05462 -0.17048 -0.17625
204 0.02100 -0.15357 -0.16907 -0.06818 0.13413 0.16654 0.09173 -0.02385 -0.17491 -0.01300 -0.16968 -0.14461 -0.06901 -0.03144 0.15984 0.02486 -0.09784 -0.01640 -0.12353 -0.13706
205 -0.16321 0.11503 -0.19729 0.07465 -0.11107 0.15559 -0.15449 0.17083 0.12978 0.11874 -0.13343 -0.15182 -0.07525 -0.11136 -0.01659 0.18874 0.18362 0.18865 -0.00929 -0.03930
206 -0.04675 0.02296 0.08551 0.18393 0.07911 0.01294 -0.09395 -0.18999 0.07116 0.09938 0.01979 0.06788 -0.12156 -0.19600 0.18183 0.17932 -0.09344 0.18133 0.10500 -0.00972
207 0.12740 0.18938 -0.05386 -0.11303 0.01809 0.08315 -0.03776 0.00552 -0.01608 0.04271 -0.04461 -0.13361 0.03283 0.06981 0.09062 -0.11438 0.03501 0.03132 0.08980 -0.06658
208 0.17383 0.16434 0.01561 -0.09799 -0.03830 0.11734 -0.06109 0.14773 -0.01729 -0.09675 0.13154 0.09067 0.07667 -0.10177 0.02953 -0.13724 -0.14997 -0.18746 0.13232 -0.09668
209 -0.09312 -0.06528 0.12210 0.15933 0.16094 0.18547 0.04788 -0.09285 0.04656 0.05110 -0.10594 -0.06455 0.15098 0.19439 0.03174 -0.07363 -0.12248 0.11574 -0.14762 -0.13283
210 0.04261 -0.03210 0.19320 -0.00155 -0.15806 0.09433 0.07286 -0.07099 0.04269 0.14172 -0.08701 -0.14425 -0.11262 0.14863 0.15367 0.00993 0.12155 0.04708 -0.15072 -0.14076
211 0.09046 -0.14751 0.17855 0.07528 -0.08755 0.07687 -0.17826 0.10463 -0.07052 -0.18105 -0.16454 -0.07810 -0.08272 -0.00752 0.02913 0.10683 0.01544 -0.05835 -0.00555 0.06799
212 0.19084 0.18614 -0.17846 0.11479 -0.13787 0.11553 -0.19510 -0.11001 0.03137 0.09647 -0.06862 0.11439 0.00254 -0.16114 0.08140 0.12205 0.03947 -0.05342 -0.05651 0.08987
213 -0.01627 -0.10504 -0.16036 0.01469 -0.09438 0.12501 -0.18522 -0.13394 -0.00287 0.09257 0.01411 -0.07498 -0.08160 0.06453 0.07926 0.16415 0.10667 0.10392 -0.15572 -0.14269
214 0.15351 -0.06594 -0.00856 -0.07798 0.13853 -0.12712 -0.17506 0.11408 -0.12304 0.09694 0.07853 -0.08672 -0.01607 -0.10925 -0.06603 -0.09441 0.17163 -0.17414 -0.18995 -0.00298
215 -0.18811 0.10213 0.01339 0.15580 -0.09574 -0.04317 0.08611 0.08690 0.10468 -0.02508 0.12186 -0.13113 0.17496 -0.10389 0.15936 -0.15542 -0.03100 0.13111 0.18881 0.15266
216 -0.14030 -0.01288 0.02798 -0.09933 0.09714 -0.00884 0.16596 0.09985 0.08834 -0.03080 -0.01219 0.00309 0.09427 0.02621 0.07044 0.06961 0.02796 -0.15237 -0.15117 0.19295
217 -0.18292 -0.19604 0.02156 -0.03046 0.11920 0.18061 -0.05279 -0.03279 -0.16477 -0.05774 0.06420 -0.11511 -0.01450 0.02780 -0.01657 -0.02859 0.10768 0.11123 0.13856 -0.09255
218 0.17863 0.16837 0.13389 0.14313 0.00060 0.14078 -0.15795 -0.08349 -0.11471 -0.19876 0.05340 0.03371 0.19161 -0.16948 0.11641 0.19101 -0.17197 0.07039 -0.09117 0.00208
219 0.08141 -0.16223 0.15450 0.09707 -0.04238 0.13324 0.00172 0.09756 0.04198 -0.10246 -0.14467 -0.04373 -0.01087 0.10277 -0.08809 -0.09137 -0.00988 -0.06576 0.14770 0.14521
220 0.19668 -0.17227 -0.09906 -0.05061 -0.06743 -0.04403 -0.16632 -0.07333 0.14767 -0.14487 0.01400 -0.00722 0.02757 0.08268 0.19654 -0.16776 0.18651 -0.07828 -0.13591 -0.16656
221 -0.13627 -0.17127 0.03134 0.00987 -0.05921 -0.02840 -0.02559 0.13780 0.03914 -0.10153 0.09596 0.13342 0.16381 0.02854 0.02564 0.04859 -0.00420 -0.17831 0.10264 -0.09449
222 -0.09292 -0.14799 -0.08329 -0.16142 0.14808 -0.10715 0.05472 0.18868 -0.15190 -0.14625 0.13559 -0.07726 -0.12452 -0.07521 -0.07161 -0.08490 -0.09594 0.09985 -0.01037 0.19259
223 -0.13706 -0.15745 -0.09129 -0.10478 -0.08374 0.17566 -0.03799 -0.03653 0.03763 0.18807 -0.17003 -0.08649 0.19727 -0.02923 -0.13492 0.05674 0.07215 0.18824 -0.07483 0.18952
224 -0.15508 0.15043 0.14396 0.19554 -0.07002 0.00861 -0.09819 -0.13103 -0.00945 -0.18037 -0.15730 -0.17420 -0.08216 -0.06726 -0.18103 -0.01500 -0.03422 0.00234 -0.11505 0.02992
225 0.06264 -0.16683 -0.06129 -0.01175 -0.10937 -0.12115 0.09811 -0.01732 0.07274 0.13121 0.10703 -0.10154 0.14548 0.00759 -0.16137 -0.15031 0.07741 -0.10396 -0.12897 -0.17360
226 0.15309 0.06119 0.09727 0.00754 -0.19685 0.02979 -0.00413 0.04599 -0.16483 -0.19434 0.06628 -0.03055 -0.19495 -0.09990 0.09041 0.02865 0.05126 0.11860 0.08270 0.03401
227 0.08179 0.01381 0.00756 0.11191 0.14417 -0.01339 -0.02011 -0.02870 -0.16106 -0.09620 0.10741 -0.02231 0.12187 0.08286 -0.11687 -0.03292 0.09560 -0.16666 -0.10949 0.06008
228 -0.12731 -0.11112 -0.16865 0.15561 -0.05098 0.10487 -0.04018 0.07309 -0.16873 0.18771 0.06540 -0.18868 0.11015 0.00592 -0.03336 0.16369 0.18432 -0.06265 -0.03180 -0.05831
229 -0.08824 0.03656 0.08078 -0.11075 0.04142 0.03995 0.04820 0.15131 -0.16297 0.19579 0.08441 -0.07234 -0.18843 -0.07808 -0.00347 -0.10233 0.02060 0.12385 0.16154 0.05424
230 -0.07296 -0.16793 -0.11108 -0.18360 -0.05440 -0.06467 0.14504 -0.09422 -0.05263 0.09155 -0.02597 -0.06429 0.08410 -0.15954 0.00572 -0.19717 0.15384 0.04174 0.08844 0.12279
231 -0.15357 -0.10620 -0.04799 -0.18113 0.08775 0.04633 0.02270 -0.11263 0.15573 -0.13098 0.11166 0.09132 0.03054 0.14894 -0.19532 -0.01479 0.06486 0.03229 -0.00921 -0.02652
232 -0.10044 0.04305 -0.00597 -0.13980 -0.08845 -0.02367 -0.13261 0.17184 -0.13770 0.13532 -0.05386 -0.15458 0.17538 0.11592 -0.19308 -0.18342 0.19784 -0.14128 -0.19113 -0.13137
233 -0.02575 -0.10555 0.11038 0.08872 0.04583 0.04881 0.14987 -0.05405 0.06118 0.18914 -0.17802 0.15492 0.14157 -0.01860 -0.15278 -0.13627 -0.00986 -0.11713 0.01680 0.15796
234 -0.13925 -0.02978 -0.13716 0.14258 0.17408 -0.02339 -0.19137 -0.04325 0.07761 -0.11715 -0.18932 0.14481 0.10253 -0.07053 0.12288 -0.13181 -0.11616 -0.12951 0.16651 0.15546
235 0.12940 -0.16508 0.13022 -0.10306 -0.10768 -0.15778 0.00619 -0.04352 -0.16862 0.06261 0.00841 0.00504 0.08139 0.08634 0.09777 0.09131 -0.09461 -0.04903 0.07321 -0.18574
236 0.12494 0.10381 -0.09168 0.07122 0.03319 0.03337 -0.11821 0.03745 -0.04472 0.17513 0.09678 -0.11367 -0.13044 -0.10493 -0.16677 -0.07135 -0.09796 0.07509 -0.11380 0.12216
237 0.02452 0.08972 0.17914 -0.17330 -0.11520 0.19338 -0.01348 -0.15008 0.14314 0.07021 -0.17012 0.13874 0.17763 -0.05040 0.05203 -0.07190 -0.13435 -0.03405 -0.14208 0.16904
238 0.09473 -0.03694 0.03555 0.14640 -0.06499 -0.02780 0.06629 -0.16721 0.17597 0.09629 0.19384 0.07435 -0.05743 0.01310 -0.19526 0.15778 -0.02808 -0.09703 0.15006 -0.01754
239 -0.00431 -0.19174 0.01395 -0.17739 -0.05298 -0.12442 -0.11745 -0.19469 -0.18196 0.07387 0.15155 -0.16603 -0.15132 -0.05713 0.14544 -0.17171 -0.12336 -0.12721 0.18517 0.04464
240 0.10841 0.18216 -0.18797 0.08274 -0.11712 0.15798 -0.15807 -0.11112 0.10286 -0.17987 -0.18013 0.11069 0.18912 0.18025 0.17468 0.12741 0.05008 -0.02028 0.18319 -0.10191
241 -0.00857 -0.12359 0.05222 0.14421 0.13637 0.09089 -0.18734 -0.15341 -0.09247 0.19584 -0.03207 0.05663 0.04905 -0.15606 -0.18845 -0.05345 0.06657 -0.07623 0.16488 -0.10657
242 -0.09844 0.14391 0.03359 -0.06930 -0.00994 0.12294 -0.18952 0.10630 0.08598 -0.06737 -0.05236 0.09087 -0.13671 0.10460 -0.03327 0.17124 -0.02401 0.18746 0.11417 0.06503
243 -0.03614 0.10141 -0.07137 -0.15414 -0.17847 -0.05137 0.05733 0.03755 -0.04695 0.13547 -0.05230 0.11063 0.10979 -0.17695 -0.10965 0.01119 -0.16531 0.16698 0.08938 -0.07531
244 0.04573 0.02376 0.15115 0.08428 0.14483 -0.10731 -0.14364 -0.05598 0.03290 -0.19355 0.13595 0.06203 0.17446 -0.10832 -0.06414 -0.14056 -0.01059 -0.04944 -0.06255 0.10180
245 -0.17412 0.01233 0.17185 0.19963 0.04780 -0.11601 -0.08772 0.05749 0.00541 -0.19781 -0.17156 -0.06194 -0.16994 -0.00619 0.03869 0.16545 0.02710 0.14794 -0.04005 0.11157
246 -0.14243 -0.08410 -0.17491 -0.11598 -0.12064 -0.07030 -0.05634 0.06785 0.13594 0.14587 -0.19952 0.11886 0.17523 -0.10131 0.06689 0.01481 0.15738 -0.11416 0.04558 0.19117
247 -0.07494 -0.12730 -0.10441 0.04073 0.09523 -0.08131 -0.08933 -0.17328 -0.07427 0.02103 -0.01786 -0.01461 0.18904 0.01659 0.11487 0.08775 0.05912 -0.16058 0.19511 0.06350
248 0.12878 -0.06158 -0.09996 0.19485 0.05921 -0.10765 0.00572 0.00645 0.01541 0.17474 0.09801 -0.03207 0.04753 0.04329 -0.07093 0.00798 -0.08968 0.07599 0.10123 -0.11362
249 -0.14463 0.01964 -0.00205 -0.05022 0.01208 0.04968 0.12848 0.08945 -0.19784 0.15532 -0.12317 -0.16582 0.13864 0.05978 -0.03064 0.10942 0.10216 0.16921 -0.06088 -0.04741
250 0.10587 0.18015 0.08220 0.16153 0.05574 0.10794 -0.16883 0.01567 -0.04034 -0.08085 0.04148 -0.03192 0.06199 -0.10967 -0.10228 -0.03054 -0.18039 -0.00677 0.14691 -0.04647
251 0.10924 -0.19470 -0.04306 -0.16915 0.18154 -0.02375 0.18680 0.01265 0.04468 -0.19789 0.11805 0.02471 -0.03093 0.14561 0.11095 -0.10877 -0.17480 -0.11764 -0.19285 0.04957
252 0.07772 -0.01263 -0.10413 -0.15641 -0.08955 0.06033 0.09513 -0.16148 0.12889 -0.19554 0.04553 0.09153 -0.10808 -0.10831 0.10082 0.16874 0.00628 0.02560 0.10661 0.07456
253 0.15298 0.06924 -0.18759 0.05046 0.05818 0.09050 -0.04964 -0.01856 0.11316 0.10554 -0.13647 0.11150 0.04880 0.14090 -0.14491 0.01104 0.01365 -0.03802 0.02075 -0.13771
254 0.04782 -0.15155 0.18647 0.16490 0.19242 0.10904 0.08534 -0.01286 0.18020 -0.03365 0.03909 0.13585 0.09732 -0.04825 -0.04883 0.19040 -0.08917 0.19081 0.14612 0.01707
255 -0.18463 0.06404 -0.09278 0.01728 0.17391 -0.09315 0.06670 0.15523 -0.08191 -0.11630 -0.08111 0.10077 0.02677 -0.08042 -0.14638 -0.05420 0.16871 -0.16364 0.13069 -0.11892
256 0.09481 -0.17051 -0.15744 0.06316 0.08393 0.14903 -0.05152 -0.08659 -0.02575 -0.10894 0.03982 -0.03078 -0.08805 -0.03772 0.09630 -0.01566 -0.05966 -0.02351 -0.15356 -0.15235
257 -0.15824 -0.09582 -0.01936 0.07587 -0.08091 -0.17260 0.09565 -0.14282 -0.14576 -0.16566 0.10039 -0.09409 0.12280 0.10540 0.07645 0.06445 0.05415 -0.02364 -0.09760 -0.15112
258 0.02535 0.09336 0.11262 0.08343 -0.01780 -0.02710 -0.07856 0.08386 0.18404 0.11339 -0.02534 0.17602 0.06152 -0.10291 -0.12341 -0.16994 0.16230 0.01360 -0.14863 0.01331
259 0.00301 -0.03145 0.00314 -0.08916 0.09848 0.05352 0.03445 0.04121 0.08765 0.14775 0.19834 -0.14563 0.15193 -0.05069 -0.03720 0.17048 0.16287 -0.07111 0.19982 0.01042
260 -0.02525 0.18539 0.00018 0.11276 0.00238 -0.12094 -0.04656 0.19491 -0.11153 0.03450 0.02365 -0.14535 -0.06971 -0.07452 0.08474 -0.12123 -0.13360 0.10034 -0.06948 -0.17064
261 0.08130 -0.13562 0.00597 -0.11735 0.10264 -0.08918 0.18858 -0.01233 -0.04390 0.05069 -0.09315 0.10104 -0.18994 0.13443 -0.00152 -0.12227 -0.03775 -0.08371 -0.15905 -0.10544
262 -0.10393 0.14842 0.17894 0.00285 0.12297 -0.11261 0.11102 -0.05128 -0.08243 -0.05307 0.07702 0.08985 0.03161 0.11479 0.15307 -0.17455 -0.10540 -0.14150 0.08476 0.19966
263 -0.01179 0.08610 0.05647 -0.16170 -0.13856 -0.05628 0.01824 -0.11130 -0.14356 0.12690 0.00417 0.10268 -0.09240 -0.15364 0.07517 0.14626 -0.16807 0.05931 0.17704 0.09358
264 0.15710 -0.18981 -0.07539 0.03554 0.06132 0.02691 -0.16916 -0.13349 0.03867 -0.01448 0.03462 -0.09629 -0.06201 -0.02351 -0.10957 -0.15891 0.11028 0.16448 0.07082 -0.06333
265 0.12126 -0.00537 0.15454 0.10852 -0.02866 -0.08446 0.00897 -0.03256 -0.15141 0.05954 -0.04295 0.01233 0.03294 0.02252 0.02774 0.00577 -0.02546 0.11372 0.01771 0.05026
266 -0.13578 0.18658 -0.15718 -0.02179 0.12638 -0.17177 0.16575 0.05189 0.04834 -0.09221 -0.01699 -0.18554 0.06225 -0.10280 -0.11745 -0.19631 -0.04762 0.14150 0.07183 0.18681
267 0.15787 -0.14374 -0.12660 0.10922 -0.15907 0.11236 0.03195 -0.18396 -0.14371 0.06743 0.07190 0.01964 0.07702 -0.05118 0.06744 -0.04172 0.14096 0.10862 0.02829 -0.07479
268 0.04973 -0.18675 -0.14228 -0.14698 -0.03344 0.06240 -0.09172 0.02174 0.13849 0.05458 -0.17139 -0.14140 0.08573 -0.10141 -0.06525 -0.17645 0.13512 -0.01311 0.11797 -0.02424
269 -0.18615 0.19912 -0.10312 0.12403 -0.19253 -0.13659 0.16274 0.01033 0.17273 -0.18183 -0.14587 0.02972 0.19897 -0.08397 -0.00761 0.11734 -0.05215 0.07073 0.02845 0.08887
270 -0.17514 0.16544 -0.06308 0.15666 -0.06927 0.16864 0.18588 0.02756 -0.12305 -0.00599 0.13247 -0.12231 0.12211 -0.02405 -0.12454 -0.08603 -0.14069 -0.06204 -0.19307 0.10430
271 0.02399 0.11408 -0.12050 -0.18419 -0.05199 -0.17365 0.06647 -0.02984 -0.16390 -0.09067 0.04237 -0.02493 -0.17539 -0.10428 -0.11757 -0.08856 0.02972 0.19703 0.04965 0.15855
272 0.14637 0.12259 0.07636 -0.09088 0.05066 -0.11856 0.14072 0.13858 0.16686 0.18652 0.17454 0.01920 0.09266 0.17906 -0.14239 -0.13716 0.03914 -0.03032 -0.06497 -0.07153
273 -0.19609 -0.03304 -0.01083 -0.11144 0.06451 -0.16810 0.17616 -0.03746 0.19717 -0.02335 0.02060 0.18084 -0.19902 -0.17128 0.02622 0.09379 0.09266 -0.10463 0.04935 -0.17878
274 0.08592 -0.10266 -0.18278 -0.15825 0.08667 -0.03163 0.06897 0.02723 0.06884 0.08532 0.16251 0.12782 -0.11460 -0.18532 0.02597 -0.11272 -0.19691 0.09341 -0.06709 0.06256
275 0.11965 0.01618 -0.16476 0.06960 0.00851 0.03969 0.04932 -0.17203 0.16934 -0.06498 0.07214 -0.10428 -0.16247 0.15427 0.05758 0.00444 -0.09033 -0.04445 -0.06660 0.15208
276 -0.10049 -0.05242 0.05017 0.03334 -0.19888 -0.07425 0.05255 -0.03281 -0.19286 -0.10926 0.07337 0.00578 -0.11519 -0.18774 0.13951 -0.01176 -0.04820 0.07163 0.06721 -0.04984
277 -0.11087 0.13000 0.11392 0.01448 0.18376 -0.01233 -0.01954 -0.17403 -0.05764 -0.17366 -0.16290 -0.12737 -0.14165 -0.12743 0.17539 0.12273 -0.11266 0.11980 0.12228 -0.10200
278 -0.03946 -0.09227 0.12088 -0.10801 -0.12541 0.18237 0.06854 -0.00501 0.09043 0.08633 0.12279 0.12855 -0.14172 -0.16751 -0.17523 0.18156 0.08195 0.17131 -0.12366 0.11584
279 0.00276 0.11239 0.13392 -0.16711 -0.02181 -0.00134 0.00889 -0.16107 -0.18083 0.14184 0.02342 0.16577 -0.04840 -0.03950 -0.03983 0.03077 0.05335 -0.15274 0.18387 -0.11289
280 -0.01230 0.15077 0.05156 -0.19698 -0.05605 0.12649 0.19383 0.10692 0.12345 0.01311 0.01174 -0.05243 -0.13684 -0.19333 0.12868 -0.15191 0.14132 0.08627 0.00107 -0.08324
281 0.12760 0.01747 -0.00073 0.10218 0.14625 0.03904 0.13327 -0.07958 -0.04051 0.01194 -0.10803 0.13331 -0.01150 -0.12902 -0.14805 0.12439 -0.07201 -0.18115 -0.14138 -0.17941
282 0.03863 0.09174 0.00031 0.04400 -0.08317 0.05350 -0.10361 -0.08472 -0.04413 -0.10329 0.19252 0.08614 -0.19318 -0.16626 -0.19379 0.06520 0.01936 -0.14544 -0.03646 -0.16296
283 0.01617 0.04432 0.18815 0.10817 0.04286 -0.03799 -0.07450 -0.01512 -0.02133 -0.07854 0.18027 -0.12859 -0.12787 0.10574 -0.02074 -0.02897 0.09639 0.04664 0.12421 -0.06783
284 0.07532 0.15993 -0.01088 0.12258 0.17152 0.15804 -0.17316 0.04260 0.11348 0.11569 0.13242 -0.16257 -0.08535 0.17936 -0.17590 0.17068 0.02677 -0.09620 -0.06073 0.04952
285 -0.08666 0.09470 0.10747 -0.08061 -0.04653 -0.08272 0.04825 0.00845 0.12409 0.01816 -0.12805 0.02062 -0.10263 -0.15307 0.15295 0.02524 -0.04704 0.11542 -0.04929 -0.08879
286 0.10222 -0.09219 -0.06934 0.17158 0.14746 -0.14770 0.12021 -0.00741 -0.12218 -0.18930 -0.04199 -0.09052 0.02914 0.18862 -0.10353 0.05171 -0.01160 0.06477 0.17137 -0.16320
287 -0.19239 0.00168 0.06787 0.01514 0.06044 -0.13018 0.13153 -0.12519 0.07974 0.06093 0.02553 -0.06909 0.01964 0.18114 0.10057 0.16435 -0.04108 -0.03589 0.03997 -0.11022
288 -0.02969 -0.12110 -0.07225 -0.09368 0.17645 -0.04680 -0.15959 0.18932 -0.15913 0.02420 -0.18341 0.13594 -0.18841 -0.15499 -0.01165 -0.09054 -0.02254 0.09151 -0.04361 -0.03243
289 0.01916 0.02823 0.08836 -0.02624 -0.02164 -0.10716 0.07352 0.02120 0.16890 -0.11675 0.17557 -0.05898 -0.09436 0.05968 -0.15841 -0.05937 0.13891 0.15795 0.14920 0.11468
290 0.19972 -0.13592 0.05972 -0.14169 0.09640 -0.19126 -0.09688 0.17810 0.01957 -0.00326 -0.08421 -0.03857 0.06630 -0.10185 -0.07167 -0.14355 -0.09189 0.08457 -0.13065 -0.06087
291 -0.18194 0.02391 -0.04323 -0.18162 -0.09242 -0.13882 0.00215 -0.04906 -0.13615 -0.14956 0.14087 -0.15159 0.04688 -0.06090 -0.06841 -0.05381 0.18772 -0.17075 0.18604 -0.18681
292 0.13302 -0.00343 0.16183 -0.10987 0.12646 0.02562 0.02154 -0.17183 -0.00175 0.04642 0.10722 -0.19618 0.12969 -0.03030 0.07257 -0.06124 -0.00380 -0.02407 0.01344 -0.19639
293 0.07667 -0.06680 -0.06222 -0.04065 0.04597 0.15369 0.05051 -0.12744 -0.12612 -0.16604 0.11411 -0.04516 0.03238 0.07173 0.04703 0.03923 -0.08946 -0.01467 0.12875 0.00317
294 -0.14835 0.11711 -0.01431 -0.13309 0.01661 -0.08959 0.02963 -0.13795 -0.18365 -0.16182 -0.13783 -0.11061 0.14391 -0.03606 0.13932 0.08394 -0.00333 -0.05264 -0.18541 0.06976
295 0.10053 0.03029 -0.12111 0.05717 0.13945 -0.18847 0.18876 -0.01287 -0.14146 -0.18456 0.12711 0.03495 -0.05209 0.05768 0.15761 0.15152 -0.07638 -0.10507 -0.05466 0.03960
296 -0.01665 -0.03443 -0.17643 0.07559 -0.05856 0.03808 -0.03982 -0.10671 -0.01288 0.19973 0.10534 0.13777 0.06965 -0.10548 0.01710 0.09576 -0.19502 -0.09403 -0.10587 -0.19673
297 0.18753 0.03716 0.19727 -0.00605 0.13182 -0.13119 0.16533 0.06198 -0.12288 -0.07402 -0.02412 0.08037 0.04395 0.18404 -0.17632 -0.12947 -0.18112 0.03180 -0.11084 -0.04887
298 0.18561 -0.18156 -0.07563 -0.09048 0.12809 0.10801 0.19119 -0.02488 -0.17903 -0.01987 -0.11611 0.13990 -0.13692 -0.01149 -0.08437 -0.04515 -0.09222 -0.12914 -0.02825 -0.12031
299 0.15607 0.03643 0.12637 -0.09147 0.04554 -0.13296 0.04845 -0.16550 -0.09209 -0.05009 -0.19622 -0.04876 -0.06221 -0.13820 -0.13173 0.16875 0.01896 0.07415 0.03975 -0.18827
300 0.13246 -0.05214 0.02903 0.11086 -0.13409 0.05509 0.17776 -0.14613 0.16816 -0.04585 0.03069 0.16592 0.03975 0.18249 0.07833 0.00694 0.02439 -0.09737 0.00152 0.00832
301 0.16499 0.09254 0.19250 -0.06741 -0.17989 0.05237 -0.17607 0.06286 -0.15222 0.04545 -0.19005 -0.18584 -0.18364 0.00644 0.13112 -0.03475 -0.10410 0.13280 0.04423 -0.02723
302 -0.04232 -0.16437 0.09664 -0.03711 -0.11586 0.18459 0.06187 0.00420 -0.19302 -0.10805 0.15087 -0.13985 0.06100 0.14886 -0.06949 0.03981 -0.06473 -0.10237 -0.17736 -0.10095
303 0.16382 0.04459 -0.05458 0.00384 -0.15194 -0.08738 -0.17183 -0.19223 -0.14856 0.15852 -0.17410 -0.09792 0.12193 -0.10241 -0.18716 -0.09074 -0.10952 0.05394 -0.09274 0.13101
304 -0.04747 -0.17599 0.10792 0.17009 0.17950 0.16277 0.13798 -0.10241 -0.09575 -0.19523 0.07413 -0.10356 0.02935 0.09928 0.06642 -0.18913 0.00714 -0.12694 0.18692 0.04036
305 0.00788 0.07860 0.11536 0.06266 0.10395 0.04764 -0.06419 0.13194 0.15186 -0.09139 -0.07226 0.02677 0.14766 0.08310 0.17266 -0.06686 -0.16590 -0.02439 -0.06352 0.19237
306 0.06672 0.04184 -0.03807 -0.14015 -0.13621 -0.19061 0.03367 0.17883 -0.15432 0.05955 0.17516 -0.01109 0.07861 -0.05514 -0.18487 -0.03392 0.16180 0.01771 0.00759 -0.11026
307 -0.00929 -0.07770 0.13129 -0.14930 -0.08817 -0.10549 -0.03521 -0.14381 0.05125 0.09185 -0.15895 -0.04300 0.10674 -0.05116 -0.18067 0.11649 0.16178 -0.03839 -0.02776 0.12036
308 0.12883 0.04774 0.09198 -0.10249 0.17487 -0.01162 0.00032 0.13920 -0.18927 0.04079 0.03873 -0.12825 -0.00440 0.06428 0.04344 0.07412 -0.17332 0.00230 0.01197 -0.04111
309 0.00515 0.04166 0.05393 0.11821 0.04828 -0.09071 0.01232 0.19480 0.02322 0.15741 0.19256 -0.16715 -0.10251 0.01120 -0.12988 0.04796 0.01102 -0.00853 -0.09620 0.11607
310 -0.17833 0.09054 -0.16132 -0.00364 0.05512 0.04337 0.01308 0.03298 0.16079 -0.18758 0.13240 -0.06763 0.16923 -0.15113 0.13251 -0.01565 0.15857 0.00739 0.00400 -0.14450
311 0.03880 0.17827 0.18554 0.09253 0.11183 -0.08777 -0.18145 0.16320 -0.10819 0.18596 -0.04870 0.08554 -0.06889 0.01378 0.15559 0.04318 0.12602 0.14353 -0.05155 0.19695
312 -0.00266 -0.03305 0.14814 -0.18976 0.09902 -0.13539 0.08299 0.06757 -0.04701 -0.10689 0.01253 0.09672 -0.02720 -0.05268 0.10047 -0.09265 -0.13357 0.14297 0.01650 -0.14743
313 0.03629 0.05912 -0.06784 -0.04331 0.10762 0.19866 -0.04316 -0.10684 -0.08275 0.05288 0.02247 0.16339 0.12129 0.07783 -0.13128 0.12831 -0.01302 -0.14958 -0.01287 -0.15184
314 -0.09236 -0.19512 -0.09934 0.14638 -0.03976 -0.03916 -0.15616 0.04236 -0.09504 0.13441 0.03458 0.19960 -0.10848 -0.16552 0.18400 -0.17255 0.03588 -0.15458 -0.14328 0.11580
315 -0.10494 -0.19021 0.00767 -0.15883 -0.16935 0.08254 0.01249 -0.08149 -0.05402 -0.16254 0.01176 0.18348 -0.15329 0.08057 0.10927 -0.16169 0.12692 0.17166 0.06493 -0.15067
316 0.02442 -0.12411 -0.13669 -0.12230 -0.19489 0.12685 -0.03960 -0.08591 0.10102 0.08226 0.16562 0.06380 0.02165 0.05500 0.00156 -0.03719 -0.16969 0.04088 0.14097 -0.13676
317 -0.01102 0.15454 0.04365 0.15699 0.02599 0.19219 -0.01257 -0.05710 -0.11952 0.13343 -0.12942 0.16416 0.17936 -0.00642 0.17749 0.07623 0.08266 0.13660 -0.04639 0.13665
318 0.14852 -0.19152 -0.07649 0.19875 -0.10219 -0.03205 0.16837 -0.04100 -0.19894 -0.07780 -0.08496 0.18086 0.07746 -0.06653 0.13278 0.03764 -0.04175 -0.19421 0.06756 0.03310
319 -0.05840 0.12141 0.16419 -0.04088 -0.04748 -0.04783 -0.05658 0.08190 -0.15041 -0.12125 0.01079 -0.15854 0.09229 0.04441 -0.13977 0.14380 -0.04277 -0.10203 0.19990 -0.10666
320 -0.14197 0.17128 -0.00658 0.09867 -0.04131 -0.00482 -0.11336 0.15015 0.04094 0.03729 0.19200 -0.10884 0.12976 0.03758 -0.18609 0.14897 -0.02975 0.18031 -0.18983 0.13493
321 -0.00366 0.09541 -0.13369 -0.00251 -0.09646 0.10499 0.07315 0.12596 0.16341 -0.01254 -0.03718 0.16660 0.06753 0.04079 0.05808 -0.15364 -0.17835 0.19502 -0.14920 0.01242
322 -0.16581 -0.18098 -0.04708 0.01586 -0.00909 0.18390 0.15020 0.11174 -0.06748 0.16759 -0.06959 -0.07523 -0.15880 0.19315 0.02125 -0.03890 0.08304 -0.11411 -0.14711 -0.19769
